n = 2
sp = [1] sp_mid = 1 sum(sp) = 1 n*sp_mid = 2
n0 = 3 s0 = 3
n = 2 N = 3
S =  [2, 1]
n = 2 S(A) = 3 A = [2, 1]
n = 3
sp = [2, 1] sp_mid = 2 sum(sp) = 3 n*sp_mid = 6
n0 = 6 s0 = 9
n = 3 N = 9
S =  [6, 2, 1]
[1, 2, 6] 9
[1, 2] [6]
3 6
-> bail
S =  [5, 3, 1]
[1, 3, 5] 9
[1, 3] [5]
4 5
-> bail
S =  [4, 3, 2]
[2, 3, 4] 9
[2, 3] [4]
5 4
S =  [3, 4, 2]
[2, 3, 4] 9
[2, 3] [4]
5 4
S =  [5, 2, 1]
[1, 2, 5] 8
[1, 2] [5]
3 5
-> bail
S =  [4, 3, 1]
[1, 3, 4] 8
[1, 3] [4]
4 4
-> bail
S =  [4, 2, 1]
[1, 2, 4] 7
[1, 2] [4]
3 4
-> bail
S =  [3, 2, 1]
[1, 2, 3] 6
[1, 2] [3]
3 3
-> bail
n = 3 S(A) = 9 A = [3, 4, 2]
n = 4
sp = [3, 4, 2] sp_mid = 3 sum(sp) = 9 n*sp_mid = 12
n0 = 10 s0 = 21
n = 4 N = 21
S =  [15, 3, 2, 1]
[1, 2, 3, 15] 21
[1, 2, 3] [15]
6 15
-> bail
S =  [14, 4, 2, 1]
[1, 2, 4, 14] 21
[1, 2, 4] [14]
7 14
-> bail
S =  [13, 5, 2, 1]
[1, 2, 5, 13] 21
[1, 2, 5] [13]
8 13
-> bail
S =  [13, 4, 3, 1]
[1, 3, 4, 13] 21
[1, 3, 4] [13]
8 13
-> bail
S =  [12, 6, 2, 1]
[1, 2, 6, 12] 21
[1, 2, 6] [12]
9 12
-> bail
S =  [12, 5, 3, 1]
[1, 3, 5, 12] 21
[1, 3, 5] [12]
9 12
-> bail
S =  [12, 4, 3, 2]
[2, 3, 4, 12] 21
[2, 3, 4] [12]
9 12
-> bail
S =  [12, 3, 4, 2]
[2, 3, 4, 12] 21
[2, 3, 4] [12]
9 12
-> bail
S =  [11, 7, 2, 1]
[1, 2, 7, 11] 21
[1, 2, 7] [11]
10 11
-> bail
S =  [11, 6, 3, 1]
[1, 3, 6, 11] 21
[1, 3, 6] [11]
10 11
-> bail
S =  [11, 5, 4, 1]
[1, 4, 5, 11] 21
[1, 4, 5] [11]
10 11
-> bail
S =  [11, 5, 3, 2]
[2, 3, 5, 11] 21
[2, 3, 5] [11]
10 11
-> bail
S =  [10, 8, 2, 1]
[1, 2, 8, 10] 21
[1, 2, 8] [10]
11 10
S =  [10, 7, 3, 1]
[1, 3, 7, 10] 21
[1, 3, 7] [10]
11 10
S =  [10, 6, 4, 1]
[1, 4, 6, 10] 21
[1, 4, 6] [10]
11 10
S =  [10, 6, 3, 2]
[2, 3, 6, 10] 21
[2, 3, 6] [10]
11 10
S =  [10, 5, 4, 2]
[2, 4, 5, 10] 21
[2, 4, 5] [10]
11 10
S =  [10, 4, 5, 2]
[2, 4, 5, 10] 21
[2, 4, 5] [10]
11 10
S =  [9, 8, 3, 1]
[1, 3, 8, 9] 21
[1, 3, 8] [9]
12 9
S =  [9, 7, 4, 1]
[1, 4, 7, 9] 21
[1, 4, 7] [9]
12 9
S =  [9, 7, 3, 2]
[2, 3, 7, 9] 21
[2, 3, 7] [9]
12 9
S =  [9, 6, 5, 1]
[1, 5, 6, 9] 21
[1, 5, 6] [9]
12 9
S =  [9, 6, 4, 2]
[2, 4, 6, 9] 21
[2, 4, 6] [9]
12 9
S =  [9, 5, 4, 3]
[3, 4, 5, 9] 21
[3, 4, 5] [9]
12 9
S =  [9, 4, 5, 3]
[3, 4, 5, 9] 21
[3, 4, 5] [9]
12 9
S =  [8, 9, 3, 1]
[1, 3, 8, 9] 21
[1, 3, 8] [9]
12 9
S =  [8, 7, 5, 1]
[1, 5, 7, 8] 21
[1, 5, 7] [8]
13 8
S =  [8, 7, 4, 2]
[2, 4, 7, 8] 21
[2, 4, 7] [8]
13 8
S =  [8, 6, 5, 2]
[2, 5, 6, 8] 21
[2, 5, 6] [8]
13 8
S =  [8, 6, 4, 3]
[3, 4, 6, 8] 21
[3, 4, 6] [8]
13 8
S =  [8, 5, 6, 2]
[2, 5, 6, 8] 21
[2, 5, 6] [8]
13 8
S =  [8, 4, 6, 3]
[3, 4, 6, 8] 21
[3, 4, 6] [8]
13 8
S =  [7, 9, 4, 1]
[1, 4, 7, 9] 21
[1, 4, 7] [9]
12 9
S =  [7, 9, 3, 2]
[2, 3, 7, 9] 21
[2, 3, 7] [9]
12 9
S =  [7, 8, 5, 1]
[1, 5, 7, 8] 21
[1, 5, 7] [8]
13 8
S =  [7, 8, 4, 2]
[2, 4, 7, 8] 21
[2, 4, 7] [8]
13 8
S =  [7, 6, 5, 3]
[3, 5, 6, 7] 21
[3, 5, 6] [7]
14 7
S =  [7, 5, 6, 3]
[3, 5, 6, 7] 21
[3, 5, 6] [7]
14 7
S =  [6, 9, 5, 1]
[1, 5, 6, 9] 21
[1, 5, 6] [9]
12 9
S =  [6, 9, 4, 2]
[2, 4, 6, 9] 21
[2, 4, 6] [9]
12 9
S =  [6, 8, 5, 2]
[2, 5, 6, 8] 21
[2, 5, 6] [8]
13 8
S =  [6, 8, 4, 3]
[3, 4, 6, 8] 21
[3, 4, 6] [8]
13 8
S =  [6, 7, 5, 3]
[3, 5, 6, 7] 21
[3, 5, 6] [7]
14 7
S =  [6, 5, 7, 3]
[3, 5, 6, 7] 21
[3, 5, 6] [7]
14 7
S =  [5, 9, 4, 3]
[3, 4, 5, 9] 21
[3, 4, 5] [9]
12 9
S =  [5, 8, 6, 2]
[2, 5, 6, 8] 21
[2, 5, 6] [8]
13 8
S =  [5, 7, 6, 3]
[3, 5, 6, 7] 21
[3, 5, 6] [7]
14 7
S =  [5, 6, 7, 3]
[3, 5, 6, 7] 21
[3, 5, 6] [7]
14 7
S =  [4, 9, 5, 3]
[3, 4, 5, 9] 21
[3, 4, 5] [9]
12 9
S =  [4, 8, 6, 3]
[3, 4, 6, 8] 21
[3, 4, 6] [8]
13 8
S =  [4, 8, 6, 3]
[3, 4, 6, 8] 21
[3, 4, 6] [8]
13 8
S =  [14, 3, 2, 1]
[1, 2, 3, 14] 20
[1, 2, 3] [14]
6 14
-> bail
S =  [13, 4, 2, 1]
[1, 2, 4, 13] 20
[1, 2, 4] [13]
7 13
-> bail
S =  [12, 5, 2, 1]
[1, 2, 5, 12] 20
[1, 2, 5] [12]
8 12
-> bail
S =  [12, 4, 3, 1]
[1, 3, 4, 12] 20
[1, 3, 4] [12]
8 12
-> bail
S =  [11, 6, 2, 1]
[1, 2, 6, 11] 20
[1, 2, 6] [11]
9 11
-> bail
S =  [11, 5, 3, 1]
[1, 3, 5, 11] 20
[1, 3, 5] [11]
9 11
-> bail
S =  [11, 4, 3, 2]
[2, 3, 4, 11] 20
[2, 3, 4] [11]
9 11
-> bail
S =  [11, 3, 4, 2]
[2, 3, 4, 11] 20
[2, 3, 4] [11]
9 11
-> bail
S =  [10, 7, 2, 1]
[1, 2, 7, 10] 20
[1, 2, 7] [10]
10 10
-> bail
S =  [10, 6, 3, 1]
[1, 3, 6, 10] 20
[1, 3, 6] [10]
10 10
-> bail
S =  [10, 5, 4, 1]
[1, 4, 5, 10] 20
[1, 4, 5] [10]
10 10
-> bail
S =  [10, 5, 3, 2]
[2, 3, 5, 10] 20
[2, 3, 5] [10]
10 10
-> bail
S =  [9, 8, 2, 1]
[1, 2, 8, 9] 20
[1, 2, 8] [9]
11 9
S =  [9, 7, 3, 1]
[1, 3, 7, 9] 20
[1, 3, 7] [9]
11 9
S =  [9, 6, 4, 1]
[1, 4, 6, 9] 20
[1, 4, 6] [9]
11 9
S =  [9, 6, 3, 2]
[2, 3, 6, 9] 20
[2, 3, 6] [9]
11 9
S =  [9, 5, 4, 2]
[2, 4, 5, 9] 20
[2, 4, 5] [9]
11 9
S =  [9, 4, 5, 2]
[2, 4, 5, 9] 20
[2, 4, 5] [9]
11 9
S =  [8, 9, 2, 1]
[1, 2, 8, 9] 20
[1, 2, 8] [9]
11 9
S =  [8, 7, 4, 1]
[1, 4, 7, 8] 20
[1, 4, 7] [8]
12 8
S =  [8, 7, 3, 2]
[2, 3, 7, 8] 20
[2, 3, 7] [8]
12 8
S =  [8, 6, 5, 1]
[1, 5, 6, 8] 20
[1, 5, 6] [8]
12 8
S =  [8, 6, 4, 2]
[2, 4, 6, 8] 20
[2, 4, 6] [8]
12 8
S =  [8, 5, 4, 3]
[3, 4, 5, 8] 20
[3, 4, 5] [8]
12 8
S =  [8, 4, 5, 3]
[3, 4, 5, 8] 20
[3, 4, 5] [8]
12 8
S =  [7, 9, 3, 1]
[1, 3, 7, 9] 20
[1, 3, 7] [9]
11 9
S =  [7, 8, 4, 1]
[1, 4, 7, 8] 20
[1, 4, 7] [8]
12 8
S =  [7, 8, 3, 2]
[2, 3, 7, 8] 20
[2, 3, 7] [8]
12 8
S =  [7, 6, 5, 2]
[2, 5, 6, 7] 20
[2, 5, 6] [7]
13 7
S =  [7, 6, 4, 3]
[3, 4, 6, 7] 20
[3, 4, 6] [7]
13 7
S =  [7, 5, 6, 2]
[2, 5, 6, 7] 20
[2, 5, 6] [7]
13 7
S =  [7, 4, 6, 3]
[3, 4, 6, 7] 20
[3, 4, 6] [7]
13 7
S =  [6, 9, 4, 1]
[1, 4, 6, 9] 20
[1, 4, 6] [9]
11 9
S =  [6, 9, 3, 2]
[2, 3, 6, 9] 20
[2, 3, 6] [9]
11 9
S =  [6, 8, 5, 1]
[1, 5, 6, 8] 20
[1, 5, 6] [8]
12 8
S =  [6, 8, 4, 2]
[2, 4, 6, 8] 20
[2, 4, 6] [8]
12 8
S =  [6, 7, 5, 2]
[2, 5, 6, 7] 20
[2, 5, 6] [7]
13 7
S =  [6, 7, 4, 3]
[3, 4, 6, 7] 20
[3, 4, 6] [7]
13 7
S =  [5, 9, 4, 2]
[2, 4, 5, 9] 20
[2, 4, 5] [9]
11 9
S =  [5, 8, 6, 1]
[1, 5, 6, 8] 20
[1, 5, 6] [8]
12 8
S =  [5, 8, 4, 3]
[3, 4, 5, 8] 20
[3, 4, 5] [8]
12 8
S =  [5, 7, 6, 2]
[2, 5, 6, 7] 20
[2, 5, 6] [7]
13 7
S =  [5, 6, 7, 2]
[2, 5, 6, 7] 20
[2, 5, 6] [7]
13 7
S =  [4, 9, 5, 2]
[2, 4, 5, 9] 20
[2, 4, 5] [9]
11 9
S =  [4, 8, 6, 2]
[2, 4, 6, 8] 20
[2, 4, 6] [8]
12 8
S =  [4, 8, 5, 3]
[3, 4, 5, 8] 20
[3, 4, 5] [8]
12 8
S =  [4, 7, 6, 3]
[3, 4, 6, 7] 20
[3, 4, 6] [7]
13 7
S =  [4, 6, 7, 3]
[3, 4, 6, 7] 20
[3, 4, 6] [7]
13 7
S =  [3, 8, 5, 4]
[3, 4, 5, 8] 20
[3, 4, 5] [8]
12 8
S =  [3, 7, 6, 4]
[3, 4, 6, 7] 20
[3, 4, 6] [7]
13 7
S =  [3, 6, 7, 4]
[3, 4, 6, 7] 20
[3, 4, 6] [7]
13 7
S =  [3, 8, 5, 4]
[3, 4, 5, 8] 20
[3, 4, 5] [8]
12 8
S =  [3, 7, 6, 4]
[3, 4, 6, 7] 20
[3, 4, 6] [7]
13 7
S =  [3, 6, 7, 4]
[3, 4, 6, 7] 20
[3, 4, 6] [7]
13 7
S =  [3, 7, 6, 4]
[3, 4, 6, 7] 20
[3, 4, 6] [7]
13 7
S =  [3, 6, 7, 4]
[3, 4, 6, 7] 20
[3, 4, 6] [7]
13 7
S =  [3, 6, 7, 4]
[3, 4, 6, 7] 20
[3, 4, 6] [7]
13 7
S =  [13, 3, 2, 1]
[1, 2, 3, 13] 19
[1, 2, 3] [13]
6 13
-> bail
S =  [12, 4, 2, 1]
[1, 2, 4, 12] 19
[1, 2, 4] [12]
7 12
-> bail
S =  [11, 5, 2, 1]
[1, 2, 5, 11] 19
[1, 2, 5] [11]
8 11
-> bail
S =  [11, 4, 3, 1]
[1, 3, 4, 11] 19
[1, 3, 4] [11]
8 11
-> bail
S =  [10, 6, 2, 1]
[1, 2, 6, 10] 19
[1, 2, 6] [10]
9 10
-> bail
S =  [10, 5, 3, 1]
[1, 3, 5, 10] 19
[1, 3, 5] [10]
9 10
-> bail
S =  [10, 4, 3, 2]
[2, 3, 4, 10] 19
[2, 3, 4] [10]
9 10
-> bail
S =  [10, 3, 4, 2]
[2, 3, 4, 10] 19
[2, 3, 4] [10]
9 10
-> bail
S =  [9, 7, 2, 1]
[1, 2, 7, 9] 19
[1, 2, 7] [9]
10 9
S =  [9, 6, 3, 1]
[1, 3, 6, 9] 19
[1, 3, 6] [9]
10 9
S =  [9, 5, 4, 1]
[1, 4, 5, 9] 19
[1, 4, 5] [9]
10 9
S =  [9, 5, 3, 2]
[2, 3, 5, 9] 19
[2, 3, 5] [9]
10 9
S =  [8, 7, 3, 1]
[1, 3, 7, 8] 19
[1, 3, 7] [8]
11 8
S =  [8, 6, 4, 1]
[1, 4, 6, 8] 19
[1, 4, 6] [8]
11 8
S =  [8, 6, 3, 2]
[2, 3, 6, 8] 19
[2, 3, 6] [8]
11 8
S =  [8, 5, 4, 2]
[2, 4, 5, 8] 19
[2, 4, 5] [8]
11 8
S =  [8, 4, 5, 2]
[2, 4, 5, 8] 19
[2, 4, 5] [8]
11 8
S =  [7, 8, 3, 1]
[1, 3, 7, 8] 19
[1, 3, 7] [8]
11 8
S =  [7, 6, 5, 1]
[1, 5, 6, 7] 19
[1, 5, 6] [7]
12 7
S =  [7, 6, 4, 2]
[2, 4, 6, 7] 19
[2, 4, 6] [7]
12 7
S =  [7, 5, 4, 3]
[3, 4, 5, 7] 19
[3, 4, 5] [7]
12 7
S =  [7, 4, 5, 3]
[3, 4, 5, 7] 19
[3, 4, 5] [7]
12 7
S =  [6, 8, 4, 1]
[1, 4, 6, 8] 19
[1, 4, 6] [8]
11 8
S =  [6, 8, 3, 2]
[2, 3, 6, 8] 19
[2, 3, 6] [8]
11 8
S =  [6, 7, 5, 1]
[1, 5, 6, 7] 19
[1, 5, 6] [7]
12 7
S =  [6, 7, 4, 2]
[2, 4, 6, 7] 19
[2, 4, 6] [7]
12 7
S =  [5, 8, 4, 2]
[2, 4, 5, 8] 19
[2, 4, 5] [8]
11 8
S =  [5, 7, 6, 1]
[1, 5, 6, 7] 19
[1, 5, 6] [7]
12 7
S =  [5, 7, 4, 3]
[3, 4, 5, 7] 19
[3, 4, 5] [7]
12 7
S =  [4, 8, 5, 2]
[2, 4, 5, 8] 19
[2, 4, 5] [8]
11 8
S =  [4, 7, 6, 2]
[2, 4, 6, 7] 19
[2, 4, 6] [7]
12 7
S =  [4, 7, 5, 3]
[3, 4, 5, 7] 19
[3, 4, 5] [7]
12 7
S =  [3, 7, 5, 4]
[3, 4, 5, 7] 19
[3, 4, 5] [7]
12 7
S =  [3, 7, 5, 4]
[3, 4, 5, 7] 19
[3, 4, 5] [7]
12 7
S =  [12, 3, 2, 1]
[1, 2, 3, 12] 18
[1, 2, 3] [12]
6 12
-> bail
S =  [11, 4, 2, 1]
[1, 2, 4, 11] 18
[1, 2, 4] [11]
7 11
-> bail
S =  [10, 5, 2, 1]
[1, 2, 5, 10] 18
[1, 2, 5] [10]
8 10
-> bail
S =  [10, 4, 3, 1]
[1, 3, 4, 10] 18
[1, 3, 4] [10]
8 10
-> bail
S =  [9, 6, 2, 1]
[1, 2, 6, 9] 18
[1, 2, 6] [9]
9 9
-> bail
S =  [9, 5, 3, 1]
[1, 3, 5, 9] 18
[1, 3, 5] [9]
9 9
-> bail
S =  [9, 4, 3, 2]
[2, 3, 4, 9] 18
[2, 3, 4] [9]
9 9
-> bail
S =  [9, 3, 4, 2]
[2, 3, 4, 9] 18
[2, 3, 4] [9]
9 9
-> bail
S =  [8, 7, 2, 1]
[1, 2, 7, 8] 18
[1, 2, 7] [8]
10 8
S =  [8, 6, 3, 1]
[1, 3, 6, 8] 18
[1, 3, 6] [8]
10 8
S =  [8, 5, 4, 1]
[1, 4, 5, 8] 18
[1, 4, 5] [8]
10 8
S =  [8, 5, 3, 2]
[2, 3, 5, 8] 18
[2, 3, 5] [8]
10 8
S =  [7, 8, 2, 1]
[1, 2, 7, 8] 18
[1, 2, 7] [8]
10 8
S =  [7, 6, 4, 1]
[1, 4, 6, 7] 18
[1, 4, 6] [7]
11 7
S =  [7, 6, 3, 2]
[2, 3, 6, 7] 18
[2, 3, 6] [7]
11 7
S =  [7, 5, 4, 2]
[2, 4, 5, 7] 18
[2, 4, 5] [7]
11 7
S =  [7, 4, 5, 2]
[2, 4, 5, 7] 18
[2, 4, 5] [7]
11 7
S =  [6, 8, 3, 1]
[1, 3, 6, 8] 18
[1, 3, 6] [8]
10 8
S =  [6, 7, 4, 1]
[1, 4, 6, 7] 18
[1, 4, 6] [7]
11 7
S =  [6, 7, 3, 2]
[2, 3, 6, 7] 18
[2, 3, 6] [7]
11 7
S =  [6, 5, 4, 3]
[3, 4, 5, 6] 18
[3, 4, 5] [6]
12 6
S =  [6, 4, 5, 3]
[3, 4, 5, 6] 18
[3, 4, 5] [6]
12 6
S =  [5, 8, 4, 1]
[1, 4, 5, 8] 18
[1, 4, 5] [8]
10 8
S =  [5, 8, 3, 2]
[2, 3, 5, 8] 18
[2, 3, 5] [8]
10 8
S =  [5, 7, 4, 2]
[2, 4, 5, 7] 18
[2, 4, 5] [7]
11 7
S =  [5, 6, 4, 3]
[3, 4, 5, 6] 18
[3, 4, 5] [6]
12 6
S =  [5, 4, 6, 3]
[3, 4, 5, 6] 18
[3, 4, 5] [6]
12 6
S =  [4, 7, 5, 2]
[2, 4, 5, 7] 18
[2, 4, 5] [7]
11 7
S =  [4, 6, 5, 3]
[3, 4, 5, 6] 18
[3, 4, 5] [6]
12 6
S =  [4, 5, 6, 3]
[3, 4, 5, 6] 18
[3, 4, 5] [6]
12 6
S =  [3, 6, 5, 4]
[3, 4, 5, 6] 18
[3, 4, 5] [6]
12 6
S =  [3, 5, 6, 4]
[3, 4, 5, 6] 18
[3, 4, 5] [6]
12 6
S =  [3, 6, 5, 4]
[3, 4, 5, 6] 18
[3, 4, 5] [6]
12 6
S =  [3, 5, 6, 4]
[3, 4, 5, 6] 18
[3, 4, 5] [6]
12 6
S =  [3, 6, 5, 4]
[3, 4, 5, 6] 18
[3, 4, 5] [6]
12 6
S =  [3, 5, 6, 4]
[3, 4, 5, 6] 18
[3, 4, 5] [6]
12 6
S =  [3, 5, 6, 4]
[3, 4, 5, 6] 18
[3, 4, 5] [6]
12 6
S =  [11, 3, 2, 1]
[1, 2, 3, 11] 17
[1, 2, 3] [11]
6 11
-> bail
S =  [10, 4, 2, 1]
[1, 2, 4, 10] 17
[1, 2, 4] [10]
7 10
-> bail
S =  [9, 5, 2, 1]
[1, 2, 5, 9] 17
[1, 2, 5] [9]
8 9
-> bail
S =  [9, 4, 3, 1]
[1, 3, 4, 9] 17
[1, 3, 4] [9]
8 9
-> bail
S =  [8, 6, 2, 1]
[1, 2, 6, 8] 17
[1, 2, 6] [8]
9 8
S =  [8, 5, 3, 1]
[1, 3, 5, 8] 17
[1, 3, 5] [8]
9 8
S =  [8, 4, 3, 2]
[2, 3, 4, 8] 17
[2, 3, 4] [8]
9 8
S =  [8, 3, 4, 2]
[2, 3, 4, 8] 17
[2, 3, 4] [8]
9 8
S =  [7, 6, 3, 1]
[1, 3, 6, 7] 17
[1, 3, 6] [7]
10 7
S =  [7, 5, 4, 1]
[1, 4, 5, 7] 17
[1, 4, 5] [7]
10 7
S =  [7, 5, 3, 2]
[2, 3, 5, 7] 17
[2, 3, 5] [7]
10 7
S =  [6, 7, 3, 1]
[1, 3, 6, 7] 17
[1, 3, 6] [7]
10 7
S =  [6, 5, 4, 2]
[2, 4, 5, 6] 17
[2, 4, 5] [6]
11 6
S =  [6, 4, 5, 2]
[2, 4, 5, 6] 17
[2, 4, 5] [6]
11 6
S =  [5, 7, 4, 1]
[1, 4, 5, 7] 17
[1, 4, 5] [7]
10 7
S =  [5, 7, 3, 2]
[2, 3, 5, 7] 17
[2, 3, 5] [7]
10 7
S =  [5, 6, 4, 2]
[2, 4, 5, 6] 17
[2, 4, 5] [6]
11 6
S =  [4, 6, 5, 2]
[2, 4, 5, 6] 17
[2, 4, 5] [6]
11 6
S =  [10, 3, 2, 1]
[1, 2, 3, 10] 16
[1, 2, 3] [10]
6 10
-> bail
S =  [9, 4, 2, 1]
[1, 2, 4, 9] 16
[1, 2, 4] [9]
7 9
-> bail
S =  [8, 5, 2, 1]
[1, 2, 5, 8] 16
[1, 2, 5] [8]
8 8
-> bail
S =  [8, 4, 3, 1]
[1, 3, 4, 8] 16
[1, 3, 4] [8]
8 8
-> bail
S =  [7, 6, 2, 1]
[1, 2, 6, 7] 16
[1, 2, 6] [7]
9 7
S =  [7, 5, 3, 1]
[1, 3, 5, 7] 16
[1, 3, 5] [7]
9 7
S =  [7, 4, 3, 2]
[2, 3, 4, 7] 16
[2, 3, 4] [7]
9 7
S =  [7, 3, 4, 2]
[2, 3, 4, 7] 16
[2, 3, 4] [7]
9 7
S =  [6, 7, 2, 1]
[1, 2, 6, 7] 16
[1, 2, 6] [7]
9 7
S =  [6, 5, 4, 1]
[1, 4, 5, 6] 16
[1, 4, 5] [6]
10 6
S =  [6, 5, 3, 2]
[2, 3, 5, 6] 16
[2, 3, 5] [6]
10 6
S =  [5, 7, 3, 1]
[1, 3, 5, 7] 16
[1, 3, 5] [7]
9 7
S =  [5, 6, 4, 1]
[1, 4, 5, 6] 16
[1, 4, 5] [6]
10 6
S =  [5, 6, 3, 2]
[2, 3, 5, 6] 16
[2, 3, 5] [6]
10 6
S =  [4, 7, 3, 2]
[2, 3, 4, 7] 16
[2, 3, 4] [7]
9 7
S =  [4, 6, 5, 1]
[1, 4, 5, 6] 16
[1, 4, 5] [6]
10 6
S =  [3, 7, 4, 2]
[2, 3, 4, 7] 16
[2, 3, 4] [7]
9 7
S =  [3, 6, 5, 2]
[2, 3, 5, 6] 16
[2, 3, 5] [6]
10 6
S =  [3, 6, 5, 2]
[2, 3, 5, 6] 16
[2, 3, 5] [6]
10 6
S =  [9, 3, 2, 1]
[1, 2, 3, 9] 15
[1, 2, 3] [9]
6 9
-> bail
S =  [8, 4, 2, 1]
[1, 2, 4, 8] 15
[1, 2, 4] [8]
7 8
-> bail
S =  [7, 5, 2, 1]
[1, 2, 5, 7] 15
[1, 2, 5] [7]
8 7
S =  [7, 4, 3, 1]
[1, 3, 4, 7] 15
[1, 3, 4] [7]
8 7
S =  [6, 5, 3, 1]
[1, 3, 5, 6] 15
[1, 3, 5] [6]
9 6
S =  [6, 4, 3, 2]
[2, 3, 4, 6] 15
[2, 3, 4] [6]
9 6
S =  [6, 3, 4, 2]
[2, 3, 4, 6] 15
[2, 3, 4] [6]
9 6
S =  [5, 6, 3, 1]
[1, 3, 5, 6] 15
[1, 3, 5] [6]
9 6
S =  [4, 6, 3, 2]
[2, 3, 4, 6] 15
[2, 3, 4] [6]
9 6
S =  [3, 6, 4, 2]
[2, 3, 4, 6] 15
[2, 3, 4] [6]
9 6
S =  [8, 3, 2, 1]
[1, 2, 3, 8] 14
[1, 2, 3] [8]
6 8
-> bail
S =  [7, 4, 2, 1]
[1, 2, 4, 7] 14
[1, 2, 4] [7]
7 7
-> bail
S =  [6, 5, 2, 1]
[1, 2, 5, 6] 14
[1, 2, 5] [6]
8 6
S =  [6, 4, 3, 1]
[1, 3, 4, 6] 14
[1, 3, 4] [6]
8 6
S =  [5, 6, 2, 1]
[1, 2, 5, 6] 14
[1, 2, 5] [6]
8 6
S =  [5, 4, 3, 2]
[2, 3, 4, 5] 14
[2, 3, 4] [5]
9 5
S =  [5, 3, 4, 2]
[2, 3, 4, 5] 14
[2, 3, 4] [5]
9 5
S =  [4, 6, 3, 1]
[1, 3, 4, 6] 14
[1, 3, 4] [6]
8 6
S =  [4, 5, 3, 2]
[2, 3, 4, 5] 14
[2, 3, 4] [5]
9 5
S =  [3, 5, 4, 2]
[2, 3, 4, 5] 14
[2, 3, 4] [5]
9 5
S =  [3, 5, 4, 2]
[2, 3, 4, 5] 14
[2, 3, 4] [5]
9 5
S =  [7, 3, 2, 1]
[1, 2, 3, 7] 13
[1, 2, 3] [7]
6 7
-> bail
S =  [6, 4, 2, 1]
[1, 2, 4, 6] 13
[1, 2, 4] [6]
7 6
S =  [5, 4, 3, 1]
[1, 3, 4, 5] 13
[1, 3, 4] [5]
8 5
S =  [4, 5, 3, 1]
[1, 3, 4, 5] 13
[1, 3, 4] [5]
8 5
S =  [6, 3, 2, 1]
[1, 2, 3, 6] 12
[1, 2, 3] [6]
6 6
-> bail
S =  [5, 4, 2, 1]
[1, 2, 4, 5] 12
[1, 2, 4] [5]
7 5
S =  [4, 5, 2, 1]
[1, 2, 4, 5] 12
[1, 2, 4] [5]
7 5
S =  [5, 3, 2, 1]
[1, 2, 3, 5] 11
[1, 2, 3] [5]
6 5
S =  [4, 3, 2, 1]
[1, 2, 3, 4] 10
[1, 2, 3] [4]
6 4
S =  [3, 4, 2, 1]
[1, 2, 3, 4] 10
[1, 2, 3] [4]
6 4
n = 4 S(A) = 17 A = [8, 3, 4, 2]
